1642049670528 0.034861930402291214 0
1642049847102 0.08241423495855564 0
1642050023370 0.08572634984001568 0
1642050196282 0.10452484637257733 0
1642050367838 0.12723345565362332 0
1642050535959 0.17014241862683555 0
1642050703241 0.20970421753894192 0
1642050872550 0.17029752023007486 0
1642051038707 0.203590989160964 0
1642051204247 0.25935828529961813 0
1642051368368 0.3118421014482341 0
1642051533520 0.34116494941273634 0
1642051698946 0.3080939909827935 0
1642051863924 0.2989048706203333 0
1642052028626 0.27127551690605683 0
1642052190850 0.3235363233099785 0
1642052353967 0.3300923634552351 0
1642052516063 0.33357365613546475 0
1642052677724 0.34285713871219403 0
1642052846092 0.20079027961462492 0
1642053007921 0.36470587805356175 0
1642053172628 0.28858057256003344 0
1642053340588 0.1736487353268242 0
1642053503572 0.36260913806646555 0
1642053665763 0.36450838899412846 0
1642053829549 0.36038875329432346 0
1642053991937 0.40891977542101293 0
1642054157292 0.3999999955555556 0
1642054321522 0.4016597466593206 0
1642054485389 0.37199898496812683 0
1642054648956 0.41547277491252127 0
1642054815926 0.28034327384433944 0
1642054978597 0.3623260396132401 0
1642055141374 0.3610969993784307 0
1642055303152 0.38974087356928266 0
1642055466905 0.40275102727146483 0
1642055630181 0.39477193489003665 0
