1642049670526 0.01818315937004389 0
1642049847098 0.04474979792784187 0
1642050023367 0.04670961803957662 0
1642050196280 0.05807432753540538 0
1642050367836 0.07187222715173026 0
1642050535957 0.09994024499551837 0
1642050703239 0.13015676567656767 0
1642050872548 0.09966486959055806 0
1642051038704 0.12384302110329508 0
1642051204244 0.16699458927693064 0
1642051368366 0.2097345132743363 0
1642051533518 0.2390260631001372 0
1642051698944 0.20665499124343256 0
1642051863921 0.1995985087467737 0
1642052028624 0.17765422292824995 0
1642052190846 0.22315926046059034 0
1642052353964 0.23063858695652173 0
1642052516061 0.2320294215981277 0
1642052677722 0.2425531914893617 0
1642052846089 0.1211372064276885 0
1642053007919 0.26536964980544747 0
1642053172627 0.19231863442389754 0
1642053340586 0.10270439268407065 0
1642053503569 0.2591776798825257 0
1642053665761 0.26480836236933797 0
1642053829546 0.2601441031475161 0
1642053991934 0.30924222514235655 0
1642054157290 0.3 0
1642054321519 0.2969325153374233 0
1642054485387 0.2640832436311446 0
1642054648954 0.3125 0
1642054815924 0.18421052631578946 0
1642054978594 0.25543097407147863 0
1642055141371 0.256864161849711 0
1642055303151 0.2821592649310873 0
1642055466902 0.2969574036511156 0
1642055630179 0.2869329197363319 0
