1642049670521 0.42136752136752137 0
1642049847092 0.5205128205128206 0
1642050023362 0.5205128205128206 0
1642050196276 0.5222222222222223 0
1642050367833 0.5538461538461539 0
1642050535954 0.5717948717948718 0
1642050703236 0.5393162393162393 0
1642050872545 0.5846153846153846 0
1642051038699 0.5717948717948718 0
1642051204240 0.5803418803418804 0
1642051368363 0.6076923076923076 0
1642051533515 0.5957264957264957 0
1642051698941 0.6051282051282051 0
1642051863917 0.5948717948717949 0
1642052028621 0.5735042735042735 0
1642052190842 0.588034188034188 0
1642052353960 0.5803418803418804 0
1642052516058 0.5931623931623932 0
1642052677718 0.5846153846153846 0
1642052846086 0.5863247863247864 0
1642053007916 0.582905982905983 0
1642053172623 0.5777777777777777 0
1642053340583 0.5615384615384615 0
1642053503565 0.6034188034188034 0
1642053665757 0.5846153846153846 0
1642053829542 0.5863247863247864 0
1642053991930 0.6034188034188034 0
1642054157287 0.6 0
1642054321516 0.6205128205128205 0
1642054485384 0.629059829059829 0
1642054648951 0.6196581196581197 0
1642054815921 0.5863247863247864 0
1642054978590 0.6230769230769231 0
1642055141367 0.6076923076923076 0
1642055303147 0.6299145299145299 0
1642055466898 0.6256410256410256 0
1642055630176 0.6324786324786325 0
