1642049620151 1.9545490741729736 0
1642049817151 1.5182528495788574 0
1642049994260 1.3719733953475952 0
1642050170126 1.2911016941070557 0
1642050344036 1.2496901750564575 0
1642050515586 1.1900057792663574 0
1642050685030 1.174267053604126 0
1642050851994 1.1098828315734863 0
1642051020088 1.0478161573410034 0
1642051187615 1.117603063583374 0
1642051352504 1.0098259449005127 0
1642051518156 0.9142573475837708 0
1642051683118 0.8537383675575256 0
1642051847460 0.8255778551101685 0
1642052012359 0.9148663878440857 0
1642052176142 0.8447198271751404 0
1642052337995 0.7801758050918579 0
1642052501446 0.7400838136672974 0
1642052663184 0.7217923402786255 0
1642052826589 0.7432975172996521 0
1642052993271 0.7292512655258179 0
1642053156872 0.6377209424972534 0
1642053320818 0.6210138201713562 0
1642053489144 0.6287805438041687 0
1642053650710 0.6077160239219666 0
1642053813904 0.5858859419822693 0
1642053977967 0.5655965805053711 0
1642054142440 0.5482351183891296 0
1642054306156 0.5329044461250305 0
1642054470640 0.5234016180038452 0
1642054635031 0.5148779153823853 0
1642054798443 0.6505992412567139 0
1642054962891 0.5949509739875793 0
1642055126217 0.49040189385414124 0
1642055288600 0.4738887846469879 0
1642055451794 0.4767347276210785 0
1642055615560 0.4742318391799927 0
